생활소비재,담배,라면,음료,술,김밥류,카드여부
49,0,20,4,7,20,YES
12,54,7,4,23,0,NO
9,47,7,14,12,11,NO
7,23,8,8,54,0,NO
53,8,13,1,0,23,YES
9,71,9,9,2,0,NO
58,9,12,9,0,12,YES
17,62,1,9,11,0,NO
23,8,25,18,5,21,YES
12,45,10,13,20,0,NO
11,42,8,18,21,0,NO
43,10,10,12,15,10,YES
1,67,1,1,18,12,NO
5,23,3,3,57,9,NO
