beverage,chocolate,milk,liquid,fashion,meat,card
4,0,20,7,49,20,YES
4,54,7,23,12,0,NO
14,47,7,12,9,11,NO
8,23,8,54,7,0,NO
1,8,13,0,53,23,YES
9,71,9,2,9,0,NO
9,9,12,0,58,12,YES
9,62,1,11,17,0,NO
18,8,25,5,23,21,YES
13,45,10,20,12,0,NO
18,42,8,21,11,0,NO
12,10,10,15,43,10,YES
1,67,1,18,1,12,NO
3,23,3,57,5,9,NO
